10000 4950
7938 8316
5153 486
4735 3975
1713 8505
7956 7032
4776 1607
7306 7185
4770 5113
1560 6773
7916 2889
2952 7120
7792 2543
8064 3224
5899 1220
7603 3888
2202 8976
6732 2580
6548 6345
1856 6415
6515 9813
3189 2267
5561 8426
5717 5075
5122 1746
8375 9125
7 7066
3850 398
3551 7432
4633 9435
2472 3132
9767 3034
73 8101
7787 2282
9519 742
2539 550
9542 9005
4088 1562
8788 6505
2656 8185
7682 1218
535 284
17 2944
4601 4308
6065 7935
4496 2564
5742 9084
1033 3856
328 1878
4657 9168
6153 2175
3937 1762
2105 4451
8284 1415
4970 8517
2910 6827
1534 1080
1091 7605
8478 5823
6646 6896
6236 2016
3417 209
6465 2181
6342 309
6592 7858
5029 8790
9970 4425
5438 4917
6573 5266
2042 5395
5253 7982
3605 4735
5888 3334
1508 6296
7529 5225
5600 503
3270 7846
2307 4022
4192 2404
2797 7212
6925 1856
7186 4261
2258 7408
3064 717
2994 6230
7346 5972
2660 7747
1969 6767
5540 1744
2546 4480
7482 5534
1737 5890
4786 8975
1952 1813
1026 4587
4453 3294
712 1640
8696 3705
4760 8022
9456 6163
1871 7792
3761 5525
865 3995
9892 6996
8313 3675
7186 3840
9413 8948
5466 7812
4561 4199
7076 8266
373 8120
5162 2802
6192 5288
6010 8702
9631 7171
9394 5880
9668 2452
9269 791
2604 9017
8390 651
2987 7892
3261 5936
9081 4810
1400 4953
5305 3697
7923 1624
4822 8452
8051 7409
9619 7959
789 2532
3363 6130
4979 714
9762 2713
4890 3934
2542 9281
6943 343
3299 3462
3879 2897
232 6568
8489 4307
116 1303
2068 6777
6746 6090
1981 9796
638 6424
4803 8454
3193 6957
7286 4701
4939 1338
8394 8821
810 8283
4049 7581
4534 7532
9117 8919
9071 8976
2530 7218
4812 9658
8616 5683
6099 602
3104 2448
4761 8274
5025 79
374 7630
8344 1445
442 2007
5366 320
8048 2102
9271 9489
7602 9835
6408 6500
7447 4462
9036 9821
5566 901
4685 484
9760 8427
3849 4123
5267 6083
7119 46
2079 4292
1426 6188
3772 4283
5452 9428
668 806
2423 825
5996 5214
252 2952
3796 2179
8613 9615
6062 8920
8314 6769
9030 4046
4742 3781
1060 6904
1737 2650
9308 7680
4635 401
9122 7909
4276 3991
4576 9792
6357 1073
7235 6428
168 1692
1873 5569
8241 7057
2586 702
497 2413
3449 2078
1332 8935
8823 2118
1016 2373
1284 4011
8436 8897
1256 9438
1803 6145
9480 2635
3003 6354
6158 5882
4794 8887
4681 4487
2258 5687
3610 2912
4158 6600
1633 3929
3184 6869
3857 3410
492 4563
232 9850
3550 247
6118 5290
9578 1724
7956 7866
4560 9658
2983 6595
5 989
386 4080
6946 178
9295 9075
3185 3624
8927 4899
6839 557
6069 9619
822 9045
3739 2051
7538 1428
4305 9027
3074 6946
2917 6979
7265 2352
4558 5980
1111 4301
6999 8942
2551 4165
396 1086
1543 9760
502 1276
885 4022
4431 7800
9358 6551
7183 3882
9522 1612
8822 5746
8512 8880
2216 692
1775 9211
6858 9650
4196 9523
7119 7834
7474 5582
700 7231
6234 9800
9746 3482
2227 1183
7965 2257
5160 2354
9670 1889
4414 2384
3844 5868
2781 5874
5962 7990
3614 7804
4345 2749
8150 4014
7792 2624
6184 2463
3905 5602
6400 9001
4937 1740
3036 8780
5344 1567
7476 5960
4420 6532
5983 6014
9060 4529
1399 569
7593 1387
2346 6707
8054 255
1990 889
5166 3282
501 9925
6717 7295
2431 7184
6283 799
8402 8538
7722 7154
6678 617
836 2119
7352 7128
2050 4947
8679 2864
9314 5277
5237 2590
36 3877
8996 2126
1184 5300
7275 5302
4345 3206
2070 4377
9428 1287
696 5585
1604 2692
9249 5180
1699 1661
2542 2015
5589 8426
2196 6823
8765 5578
3408 2625
9290 2992
7114 2650
4226 2295
8301 6729
3201 8689
3973 7112
4980 6988
7528 8128
1092 606
3251 4217
4141 2817
982 8017
6157 8050
7139 8088
2693 2840
9821 3033
1649 3680
7158 5030
1397 2475
4116 8365
245 4393
3857 5622
802 6880
5996 6527
1719 6187
6903 5372
9191 2146
5261 694
4023 6739
8373 6722
8039 2737
2614 923
2747 8818
2818 8619
6039 4232
8008 3866
9507 3419
8163 3354
9660 6840
433 6408
8718 6456
9798 539
7856 7461
2882 7468
3985 1582
9217 5302
9295 7382
7044 3560
7367 9099
1234 5151
8820 1912
8048 2292
770 951
4344 9385
2309 7004
4840 1968
4803 4783
3572 5547
4515 5618
1838 3913
3710 8279
5535 7847
591 5500
7112 169
3275 5496
5327 8669
872 3503
9342 5604
5573 1045
2619 6505
1901 8398
9201 8654
6084 1457
5846 9547
4912 5680
30 7036
1919 1758
9360 8377
1543 9750
3466 5128
1471 5933
9236 4770
6457 3236
6344 6082
6579 579
2513 8598
576 9977
8413 3842
1933 183
2542 6803
8436 4133
1140 8669
6697 1650
6385 2958
1034 5324
9366 2696
2464 5325
7864 9203
5232 7014
5612 8876
773 9146
6262 2477
4658 4854
8787 4854
3288 3792
6073 3839
4300 9405
8813 1479
1731 359
4391 4152
7387 6863
9424 5326
2024 9144
9118 2560
6179 3909
835 4337
3622 9671
676 9048
4077 8282
786 1259
4445 467
7227 2902
8137 4515
5424 7955
4005 8609
7053 421
4216 4620
8339 8216
8662 4884
5530 1387
5631 4661
1007 4065
6191 297
6651 4189
3694 1249
9653 9818
5275 3925
2926 716
5959 1984
759 1360
2716 9100
9271 3938
6658 971
9974 1114
313 3097
7817 1855
8559 9187
3007 678
8832 7596
7581 5437
4108 6687
6800 3277
2424 2112
7786 4579
4587 8366
6417 8906
905 8031
6327 2278
1121 787
7518 2082
5883 918
8978 9428
7328 1814
4525 1273
8002 8876
8190 3223
7976 9673
9260 7611
6356 6660
7351 1113
5784 3624
8467 5494
3568 7072
1147 8990
9847 6274
9411 9490
2199 6854
1533 3340
9925 1048
439 1924
4432 6652
5733 7230
6644 5615
6070 161
2944 6335
8939 1335
2065 7358
9985 7861
3072 1593
4905 8440
7759 6157
1533 2844
5701 6069
292 790
7356 693
1162 4304
6288 8626
3065 6057
6682 8881
9973 1906
6618 7972
4318 3519
9949 4830
1392 2057
6038 9724
1206 1244
7482 5860
6518 158
4957 630
4999 6927
1781 5497
651 5865
3750 502
8511 7740
2652 1296
6812 2424
9521 8601
9992 2152
5538 4330
5367 8129
6135 4851
3683 1416
7947 3786
1630 5956
2448 5723
7756 192
327 6662
404 5380
7607 6198
4507 1035
2346 8142
1742 4188
6536 5170
1056 3910
2501 6808
65 4022
4656 703
9758 5333
3810 8788
7208 3157
1187 4832
6730 7514
7066 6427
3234 7906
6152 474
7133 9824
8271 2605
7713 9756
153 3714
5074 7656
5754 941
6213 4404
474 9361
9620 570
6267 4424
6107 6644
1943 3240
1319 1792
5595 7969
9526 9467
9692 3468
7018 2290
9485 1299
2156 9466
3622 9871
5392 9221
7969 9274
944 9382
3967 181
6169 7723
130 523
4535 3980
2854 3965
4050 5215
5150 8584
1022 9030
4489 5080
2951 5597
5121 467
1391 8114
389 6000
2953 7854
3423 4137
8840 937
6240 103
9078 2387
4840 8644
3037 6179
1202 173
9650 3061
9637 6782
3618 964
4048 2588
3506 3737
3842 6124
9859 1205
9330 7355
6444 5293
2650 2652
1276 8732
5127 178
8445 3826
5022 4688
431 9441
1885 2125
3654 8572
9236 2305
6491 6503
3365 3613
2561 6781
8860 1866
9718 7241
9397 2580
6234 9622
6239 5503
7665 2801
6018 5070
4472 6903
4619 1253
2191 2032
2438 4758
9402 6264
5944 8807
4910 6770
1274 3868
4188 3852
6951 9529
6710 9336
2167 5919
4739 1988
7549 7540
323 702
8852 9159
5455 1417
9375 3195
9919 6053
8505 3975
9476 5544
4453 2846
8536 8002
7914 5269
6555 1657
1169 4998
9933 683
1002 192
9872 5963
2102 6402
7853 5163
4158 4868
5691 3925
5001 5430
840 8526
1468 8434
7808 8557
3653 6590
3168 9004
3219 7091
1027 5427
647 8828
3594 2340
9933 5725
1242 4402
786 4897
9356 3697
1992 623
9490 261
5541 7676
1658 3397
5265 1441
8518 6534
1135 7949
2102 7913
2931 1893
3374 8011
7641 9518
5596 4743
1734 6504
3591 240
7142 242
2061 8968
7358 8703
437 6900
8093 4769
6790 7289
7853 4449
9437 9584
1528 2858
5565 5028
4488 184
6536 722
2425 9943
5403 7708
7029 8647
3864 1381
3163 5546
2089 914
1971 485
1552 6090
4485 6659
6953 7247
4869 265
2773 2165
4933 1773
888 29
6055 3604
2169 2577
1073 514
7026 5106
293 2986
9015 564
4439 7558
5893 509
3599 9071
9577 4510
3796 6315
5165 5350
3336 4934
4189 244
7629 2446
2238 1821
3703 1312
9310 190
7537 9811
2896 8959
8321 6969
4489 3578
7461 8272
2765 4559
3209 612
7772 8386
6440 7198
8381 2566
9736 8027
5323 2257
7870 3290
2325 8874
9030 2896
6545 1506
9101 1871
2775 7367
7562 2419
7363 6722
7173 6059
245 126
3971 6076
4933 9188
4882 6215
2920 157
6520 4829
2308 704
1370 9879
887 9905
449 8742
1501 8704
2358 1447
4716 7355
8034 7062
5115 1016
7499 380
6910 5182
2624 1279
7608 1712
5463 7098
6897 5192
9536 6369
6860 9708
3595 6597
8172 8679
3767 8763
8723 1039
7505 234
5140 4221
5694 3864
6283 5648
884 7188
4909 2621
2699 955
7587 2776
830 7697
4456 4009
1304 9999
6832 1300
4167 6372
6553 3704
6281 2612
9652 1302
5151 6426
9503 3312
6268 9352
687 4693
9099 8908
5870 2820
4171 2578
1271 9061
1645 4969
4784 7374
7775 2705
2732 8062
5058 1208
6374 2867
8224 8959
9212 1479
4868 6527
1134 1164
9159 1261
4703 6584
136 5152
2834 9201
1391 3869
982 927
4085 6531
1311 1535
8471 8214
1863 6259
9705 6601
9290 7217
9788 4136
3937 6813
354 6867
4355 421
1277 5201
9308 3857
263 7722
5933 8428
8495 6539
8870 8101
9612 41
4907 7600
2974 90
1155 4922
2005 0
7184 6096
6369 2145
5636 733
9964 2374
6790 8490
400 366
81 1110
4300 8823
3528 3122
7863 9083
3096 1191
5438 9629
9003 8786
702 2135
9441 5578
8940 2185
6592 8848
1192 9741
1737 6398
1883 1986
1917 9041
5693 5311
9601 3908
6272 1396
6423 528
8019 4890
1185 1529
3957 1862
9728 2781
2952 5950
4357 4125
1784 140
5073 7086
4542 5454
7575 8306
4613 1845
3631 5846
4495 7386
3807 9623
2729 9252
1415 7513
4799 235
6528 7493
5692 5378
6895 9003
4415 5578
6561 1482
1255 9039
2889 71
547 5430
5557 371
8401 1570
4838 3697
8690 9112
8439 178
8772 9703
8153 5068
5884 9428
2984 8169
9833 9281
227 1770
6005 315
6002 2865
9256 1945
4319 1521
2976 3850
9074 9720
1685 343
7222 5861
8991 7801
3296 7940
9122 1104
6101 305
8993 9838
5758 5468
9904 364
7179 5098
9968 1083
9162 2458
5550 6102
4134 546
6246 579
1038 5299
5877 6821
1493 3590
8654 9431
9552 5145
8615 947
3080 1767
7102 2821
1062 6734
12 2477
4433 8382
4626 1656
9979 5639
8313 7280
2975 7602
9731 544
8427 1424
6356 8592
8331 4687
2972 7147
683 904
2246 7419
7748 8278
6255 4195
7647 2830
1076 1276
7154 9561
2188 5177
4163 7127
5899 4874
1965 5923
1104 38
5302 9539
1623 2549
5468 5205
1434 364
3197 5984
2268 5866
2253 9808
4371 4538
7190 5276
556 9067
2832 9745
5018 3050
7128 5686
5169 2278
7188 500
7273 8659
7575 1551
3016 7428
379 5620
22 4003
514 5066
1910 1002
3397 8383
6156 2465
6813 7259
667 5977
643 433
4594 3148
6844 7000
830 3612
2200 9115
1757 66
2259 7567
6590 5834
7434 562
939 9855
1813 1975
5059 7166
6655 2133
1796 2129
6939 5255
4207 6838
1023 3385
5576 7946
4007 1176
970 7762
7798 728
1859 1912
5198 8341
7609 318
7702 205
8004 947
4995 6707
8045 2269
893 9612
6979 2321
1499 9697
6144 8820
1729 5767
9476 4154
4747 4627
1037 1368
2611 445
2510 9472
5294 4937
5634 5325
6766 6563
6520 1591
7645 9858
7699 5123
6517 3049
797 7521
4261 1595
1988 6981
9744 5509
1017 2538
6928 9893
2302 9542
79 248
9824 7578
2835 6289
3965 9461
7244 5277
3498 0
4674 8199
7336 8423
8620 9854
4076 618
1196 2704
7359 7719
3570 8935
9348 3166
4094 4716
3861 9385
7270 7860
6381 2736
2123 5048
5318 6327
6024 425
8533 8275
6676 3960
8077 403
3547 375
7487 9406
7879 5194
6273 1765
421 9892
9930 7554
6650 7068
2562 6078
912 6012
2647 1739
4296 375
5064 7328
8308 8649
9949 246
4273 5294
1449 7675
2377 5376
462 4430
614 1891
3965 9678
1996 4565
138 9340
976 1435
5864 794
2514 9884
7061 8976
3792 4870
6260 5126
6465 2535
1274 8794
9398 8784
7824 8388
6611 4647
6545 4807
3272 4809
652 9152
9492 8927
3800 1317
7713 3903
9884 3519
7887 7083
3897 6105
1374 3358
8823 1098
1324 7367
8046 7804
0 7116
5255 8876
8276 199
3985 8052
8513 7130
3564 5653
9187 8117
902 9783
3979 1495
5031 6219
3481 1866
6151 5679
6296 9689
1871 3448
3836 3363
4187 2483
1376 1291
2033 7771
7656 5610
8003 8072
6263 7404
6236 4739
8599 2112
5123 2678
4904 5913
8046 7517
4431 4832
4282 9898
6322 8751
7650 5051
2839 2225
151 3333
6966 2873
3642 51
2551 3998
2671 359
7803 3384
925 6939
8282 5326
7862 4405
9696 9344
7759 4056
4277 2714
1540 8018
5460 2413
8134 5083
6468 1764
3284 9988
9702 1223
832 1058
7003 3486
369 9506
5951 597
6705 892
8649 9889
2689 5855
3137 6586
4606 7521
6049 3103
2673 2115
8912 646
9677 6269
8296 9325
1675 2499
2256 77
7413 7204
4925 8813
5773 7654
7158 1849
5551 5947
8956 6768
2170 9534
2723 2424
9059 3035
954 6916
9692 9070
3549 387
5329 5040
1682 9993
1326 9357
3550 3469
5267 34
1375 4777
4169 1171
8978 6342
8030 7889
7566 1575
1506 6242
9289 2821
8675 5089
4832 8350
98 7476
4071 8425
6868 9594
7292 8911
2731 2079
2328 4824
7939 6288
1361 7550
7956 1666
1133 542
7409 100
4080 6249
1341 4625
717 5552
6729 6946
9850 6146
5229 6261
7882 4826
2950 5502
9938 6396
6480 1347
1369 5581
8791 7748
1296 5219
6078 5174
3738 9441
6210 5948
7597 682
2816 9260
6254 985
1695 1246
2274 1850
3558 9777
4770 7497
5749 7426
8851 8098
6656 6513
2801 1227
6340 6507
915 5501
6351 7045
2695 4719
441 6720
9938 6548
7077 8549
9519 9196
1052 2897
4863 1319
2855 7017
6432 7268
8681 3440
2421 6682
767 7556
4769 2050
732 667
4458 8753
2072 5038
5785 5424
5569 9107
4537 621
5900 7905
7968 8545
9501 2853
8566 6283
9557 934
1838 6391
3813 5169
9254 1563
3697 2663
6601 6404
1683 1581
4330 7057
5700 7171
1127 3483
3203 1241
2445 7718
2564 6706
1615 990
7541 4390
7310 37
5886 7258
8688 4556
4396 1017
1944 4661
4905 9151
3002 1861
7586 6500
9902 4905
3499 7987
7433 2277
8950 1552
66 4225
1994 8873
8994 5620
1619 2563
1 2359
6833 1335
4657 6246
8557 5396
996 4291
8891 1835
3726 4625
3590 5786
8088 7758
1914 6208
4956 351
1505 8984
8452 2640
4359 1813
4787 6064
914 4761
6099 8946
8357 2778
8159 21
4291 8072
8440 6016
8419 5169
1425 1982
9028 5468
3431 7702
4168 7588
6516 6336
6496 5162
4379 4240
4369 5649
9651 5195
1955 1152
4941 2380
1200 3225
42 2120
5223 4199
8979 7843
1897 8749
5902 9249
4102 3106
9124 2070
4650 431
1405 3661
3733 6983
193 2156
2372 3629
1549 5539
2724 5354
9704 1820
7933 917
9761 4415
1255 2157
2044 1723
7809 7994
5168 5133
9685 3626
7016 5523
3940 2368
8289 3841
3822 184
2301 2623
2696 3467
8539 460
2546 9298
5221 5306
6160 9514
2959 8400
1280 3170
5088 8803
3270 62
5106 5933
8422 4984
1818 4633
5276 4230
1265 1268
6277 3758
9145 825
2148 3038
9841 792
6594 4666
2884 7223
2760 3797
6881 4981
6304 7519
8386 7837
382 2336
3301 3131
2037 5066
179 4751
6208 6893
9919 4868
8073 8973
8552 4358
997 5993
7903 1170
7115 6128
3066 8729
8575 5083
7419 447
5763 5788
3594 5982
7462 6083
8210 5652
349 9691
1584 2280
3390 863
2814 9743
8540 8257
3416 5327
1487 231
8879 567
3622 5816
3417 1443
8962 9283
7119 332
2990 2846
5012 6976
6326 9208
3995 8682
9209 2616
7315 6916
9118 28
6628 7366
6823 3677
948 2561
7858 1826
3579 8133
152 64
9665 2055
1651 8323
6898 7554
953 3498
6167 901
1689 8553
8729 369
5406 6522
8181 2764
7966 2639
5712 8882
6963 9157
7463 5005
2423 5853
2285 1381
6395 1282
3164 7785
547 5057
2129 3329
3749 965
2507 2429
2627 6529
6254 1654
3434 9476
685 1039
1253 6106
682 7919
6302 426
5511 2441
1437 8354
9241 9693
1705 2012
694 493
6552 48
7370 5025
8154 875
4829 6579
4754 6039
8038 8553
6972 8283
1760 8229
5369 696
1551 4030
1848 5722
4779 5307
2562 2868
1063 9817
1602 3846
5047 1186
6344 9298
3247 3311
4718 1062
7566 4558
9023 2285
1167 7343
5587 9009
8203 2628
9615 202
1338 7333
6171 3290
357 5382
4950 5457
8501 6093
5476 3798
5064 2492
718 3037
9873 3379
9859 1931
4033 1986
116 8456
342 4974
1116 7145
6264 6305
3736 1993
8990 5150
8314 691
8561 219
9051 795
4474 52
271 8124
2377 2178
3066 5046
3943 3867
1679 7024
6168 4241
6311 4096
9113 1086
7768 1948
4985 1086
4614 1181
9961 4628
7037 6146
1793 7134
4449 9191
7011 8860
7482 7206
8725 9158
1602 8757
5274 1972
4355 7056
891 129
5592 7404
7417 1289
4102 2185
7071 9972
2673 4877
6930 302
9621 2739
4283 2632
6275 9237
8717 7915
4640 9566
1732 9402
4000 4748
7581 4544
4922 6281
4526 5806
260 1229
5500 6870
9304 2792
749 9251
2448 4862
2232 3764
9163 4362
585 2798
1442 7227
2377 2908
526 7359
410 1513
7080 2608
813 7644
3697 9970
5948 8807
6687 9738
731 2938
2198 2867
8254 2602
4872 2853
5201 7448
8507 5475
5608 6942
230 8791
458 7971
8039 8963
7486 9884
9650 9969
4144 8605
210 2184
1373 6945
1160 2949
2522 8828
4785 5910
3093 6850
5941 6959
4200 2795
7468 1445
9652 4897
3368 3783
7439 2986
9749 9775
6221 146
7939 3917
4048 8233
1464 4464
4483 5050
3928 2193
758 6176
6030 389
8120 2138
273 350
7108 3234
1299 9430
4785 5241
8065 820
4824 2365
5238 7113
5708 1322
936 7174
873 7066
6632 9584
8819 9330
229 6772
2529 3635
6730 7367
9449 168
5815 9586
2007 2200
7761 8749
8181 7125
8905 2071
3423 1976
5837 9742
4001 6469
3582 5383
2938 8445
8010 4671
8629 5505
4216 8317
9586 7341
4922 1066
3304 3499
3923 5034
731 6055
1854 243
4842 7009
3405 2823
4137 6748
7694 4895
6191 2019
1032 7546
9185 6106
4107 1950
9968 4703
8532 9058
3873 3854
4587 4150
8257 1358
938 1300
7088 7883
5384 2919
6821 4885
7192 5368
4342 1884
5345 5896
6815 9438
7922 3795
7494 9830
2827 9684
5475 391
1948 6247
4867 5966
9998 8130
2190 8419
4602 2451
2363 3038
5010 236
22 6157
4016 9383
9113 2578
3549 494
3553 2588
983 7138
4752 7386
6443 464
6515 1218
9196 3265
4411 3598
6 8082
4536 8664
2112 3901
4022 2918
3679 2035
5579 1650
6112 8273
9038 3108
8643 1011
8953 4548
2317 3782
8409 747
1219 2247
177 1865
6488 2452
9207 1833
5221 3720
7886 9022
1311 6575
2611 7097
14 4612
4619 6718
9587 3684
9105 6670
1864 1383
4287 1697
4061 98
1133 3561
9061 7163
598 5575
8381 6453
5849 5926
9119 3488
3332 8251
4271 1808
3100 8677
6240 8896
5441 1489
8109 3383
6020 2198
5069 8907
3512 3683
9483 1070
603 9996
4888 211
3059 4828
5252 7883
2928 2845
6299 1174
6384 1156
8541 754
8388 8702
871 349
4088 3691
2656 3293
5914 3237
5225 4915
203 1359
9334 7078
826 9207
6009 2494
9476 8120
839 8853
6590 3739
6138 3584
121 8765
4578 7875
7850 5873
8556 1597
2912 3491
7423 2727
327 5819
1101 3644
2122 1333
1963 2381
1153 8041
2812 924
5092 482
4774 8847
5155 7302
4223 8784
7480 732
5923 8130
1017 8983
2891 7211
104 1953
8196 5795
8074 1193
1258 5085
1587 5668
7294 8354
7254 2428
8182 4880
2833 4449
1724 9730
9699 6427
446 5109
3818 1963
390 6146
2158 984
5475 2102
4080 3544
1870 3800
9572 1771
1521 3793
861 6079
2933 646
1981 8221
1081 7977
8302 2692
733 1230
3273 7296
5575 2544
1560 7924
7665 3225
2498 716
4792 8451
1972 851
3481 7600
9934 4023
520 965
4696 814
3199 6561
8178 1210
5023 2576
3603 1682
398 4019
8516 7012
7827 5566
5857 455
4704 5263
1962 7816
9260 9689
8360 3384
248 3509
4280 2733
4265 540
3034 6844
986 6885
4212 2157
2802 5327
1746 1915
3634 8588
663 6881
3072 7576
9852 6549
2862 5686
8744 4843
6852 5506
7345 277
9977 3275
458 3602
1061 2615
2767 1608
8272 2508
604 1066
3013 6003
3121 6094
5074 9804
3652 8749
7146 9685
8483 3391
8747 5092
7556 9301
7172 4000
2904 4078
4292 3426
7800 6639
1529 7811
8203 1336
3477 8
4416 4576
6753 8628
4223 7938
9241 8059
8441 9533
6133 5922
5978 1852
7327 9855
1295 4693
5631 1739
6364 5558
3995 2364
4964 5751
8254 7148
8871 2698
8465 2309
2788 6848
2667 4309
239 9326
2942 5189
1948 3619
4119 9585
8406 8763
286 5270
5092 1042
9430 241
1948 4257
6165 5333
6431 1113
978 5460
4645 9996
7252 7578
9003 9478
2162 3858
7055 5658
3737 548
1451 8115
6792 9194
8119 2188
4604 3313
2086 7398
5502 4342
821 3861
9149 7096
1106 8155
466 7213
5934 6792
9888 844
9069 2573
9285 6971
2797 4684
2405 8180
6366 7490
204 3560
1754 5490
7497 9392
7050 1550
4354 3348
9728 897
9845 6224
9821 4230
2223 2751
286 2269
2092 2080
784 1807
6152 5653
2177 6983
2439 8677
4057 6373
3723 3795
803 8510
8892 5516
1355 9384
9447 8453
6476 9299
8102 6791
7178 7603
466 1689
6765 7743
3128 5156
5961 8768
6788 5204
7688 4214
8734 3123
6793 5095
2070 6653
4733 7912
6219 2874
7052 3464
8253 2871
7853 2215
428 9763
5238 8209
1859 4426
5717 4812
8815 5604
1609 9265
5986 7439
9329 6358
2035 4379
8514 3607
8358 3939
9957 9727
2136 4708
4391 8420
7474 340
1966 2811
3451 2831
3714 2371
6032 9238
7877 5315
6764 5627
8313 2027
673 2758
5453 544
7783 7887
1946 1507
7073 531
5535 8933
7953 6777
6537 2284
4150 6899
1090 3167
7782 6641
301 5423
9640 6327
3053 3774
6356 43
6605 2343
7860 833
4348 7073
1969 9970
5377 8423
7890 1810
7630 9277
2967 864
2795 1519
9584 801
300 7347
1073 6113
6299 8870
23 3179
7716 6542
9329 1683
1045 7827
8852 7811
9241 4263
6856 6597
9506 5162
6052 707
2824 8002
7608 783
1416 5043
1906 4412
2201 3285
6584 2838
5179 5046
7307 4779
3300 7631
8430 9305
7685 3645
9827 3902
5924 1252
9343 5717
5735 8226
5559 9238
1919 9141
2351 842
8679 1657
8887 8546
4118 761
216 6011
3858 19
3536 3843
8106 6156
2259 1941
3152 5215
6230 5616
6240 3545
6754 6243
4252 9423
5671 5494
4179 8711
8466 4283
7612 3341
7637 4589
1113 1977
4086 5021
9313 3415
5701 6503
5951 6662
8483 7985
1818 1263
7601 1197
5308 2815
1715 7557
5437 8780
1148 2564
8564 840
3004 3569
3949 6819
3021 6294
5905 70
535 9354
2843 6112
8124 229
2095 930
9070 5343
6314 7894
1515 6573
473 8470
9631 2939
5490 6830
8071 2758
9821 4520
5179 5504
8712 1078
2596 933
8926 3534
8070 6060
1596 7785
9195 2829
7573 9566
8578 8495
6518 1775
1052 3545
7647 7622
2206 4705
3007 6465
7720 5416
7014 6846
3602 4162
9123 8459
3171 2351
742 2996
4710 9528
1033 8408
0 6118
3422 7182
7624 174
1796 7656
4200 1957
372 4620
527 5601
4578 6958
6013 8025
3583 7170
8537 5565
5942 1588
8156 1139
8947 3101
9533 7140
1526 1245
7753 9700
9536 8901
8074 4880
1977 2914
3562 4628
9557 7333
302 8759
7926 4281
4840 1837
6123 2414
5827 8522
7327 2263
6805 1047
6482 111
6155 4881
1465 658
527 2459
5140 6322
2451 8093
9886 8507
3289 3742
5485 5929
3948 4852
3692 5048
4808 9630
1037 2696
5415 9958
5915 4427
7353 3802
6221 787
301 8519
691 8599
2515 8366
13 7031
6128 323
8898 8517
7415 7827
1721 7482
1301 7931
8353 3888
179 9930
4242 8167
2702 5314
6258 9236
5032 844
2812 4948
2138 9705
3960 2147
3726 8342
6289 4882
4137 2642
7773 2097
2860 9138
7966 257
4515 5048
7219 6073
3267 4406
3726 7145
9888 7143
997 9829
3442 4054
2188 1922
2139 2838
9894 5756
1106 2038
4157 9437
1480 8396
542 3583
5717 7025
6209 3970
6534 6978
1613 6027
9002 215
3165 3242
3807 2663
988 447
2527 2603
149 8096
866 2148
6377 5666
8463 2609
452 2666
3300 9076
3556 3713
1939 8934
9175 7347
6720 4995
4989 5470
1177 1545
6424 5034
4269 21
5557 5111
1764 6228
1452 9210
4400 8715
6971 7465
4038 9437
9115 8013
9712 1262
4133 5062
5670 8743
8682 6988
9791 6899
9286 2256
9821 8819
8975 5626
687 9206
2804 4958
2601 4033
8913 9035
9285 8311
2072 5271
9098 8784
6744 6233
8253 8491
9437 6190
9730 755
9876 2491
9039 2709
4458 1173
666 992
9583 3195
4445 9041
4673 5804
7389 6985
2991 2096
4058 5798
6902 3238
1949 895
8282 6839
9890 8023
8228 9779
3407 3680
1327 7260
8518 1837
3523 8978
5574 3601
7477 5206
1219 6539
6855 3059
7502 1532
6750 329
5310 4828
6425 4120
277 3961
705 5843
4855 1690
1398 9301
7358 3689
2111 4
351 4174
4428 2860
4951 8709
8894 9860
7323 5988
7863 1080
3520 2871
4007 749
7225 9537
1167 9936
6435 1956
1182 437
2977 9313
9260 3912
6836 6902
9968 706
9797 1384
3905 7233
8558 9037
257 117
1137 5982
9637 8837
3240 6468
8828 8475
9352 8430
2858 4482
5686 3666
424 2819
9692 8189
1672 8040
2182 7617
5951 8119
2312 596
7292 4918
1163 7701
7981 8617
1922 196
978 9407
8146 881
727 4480
2913 4753
3400 5593
1619 7103
1600 7101
2598 3004
4318 934
9846 222
9484 3517
9216 3811
7699 1637
4272 687
4269 1730
1620 4719
7652 6708
9936 5565
4545 4866
5040 9382
2542 8628
9244 8011
2017 5277
1873 2948
3088 1911
9582 4461
7595 3592
2506 1593
3564 1015
3316 1295
4429 5591
6021 530
7754 505
6683 4162
1100 2976
1617 835
5350 3008
7418 2191
8473 3877
2978 6170
9938 1086
8133 7602
3005 3878
6025 5281
4594 7027
5144 1388
4099 4184
1934 361
1446 8943
4428 4927
5739 997
2405 913
316 468
7415 3478
7004 2167
4562 7627
1526 8132
6983 2471
8674 7329
3234 7729
1492 7082
3229 901
4164 1103
5209 7922
8550 8364
9893 9752
1973 5080
6992 9910
5881 6510
984 788
3771 7989
7100 6193
8077 3633
9531 5298
3254 6010
1621 7427
1135 2488
6017 6502
5093 7674
7668 8363
2773 857
8921 8878
1116 3130
8728 9274
2432 8207
2071 1658
8210 667
129 4192
3215 3468
2159 9824
1421 9347
9549 9813
1314 7242
9945 7697
9802 3591
5347 5723
6590 6792
9530 1749
4237 7650
2760 954
7439 3492
949 4890
5343 8554
3082 9669
1182 531
2925 9554
5244 4364
8157 6712
2443 5755
8552 8635
7960 5284
8476 5223
3515 7847
6101 7102
5510 2834
7814 2182
6332 4115
7686 5696
6372 9440
8074 5593
1847 5423
2160 7484
8376 6114
9520 9097
9497 847
3541 1891
5304 6091
4062 9156
9828 1898
4106 4188
3814 4832
7829 7539
8970 4553
4596 8123
6793 959
9179 3594
6330 9990
3533 8554
4974 1625
3086 432
4960 3602
5425 2261
4339 4455
9172 4796
4241 3969
6831 9401
5723 2716
7854 3448
9688 3994
6710 5426
9991 7370
8865 2165
2569 6453
8434 3697
3580 9516
6136 1098
1354 7743
3635 5998
8287 5478
8796 7889
9171 5507
6210 5284
6220 4903
3164 4159
5156 8193
8736 1596
6028 6489
3207 8892
6932 4471
7741 422
7189 8097
8522 3314
9892 9066
3632 790
5690 3399
5428 1698
276 2079
4730 8330
3314 3137
4044 1435
4677 8782
9650 9040
4337 1553
6116 7330
6700 5132
8765 1970
2730 1720
8249 6897
526 4276
6615 970
3661 1368
875 8696
8894 3917
781 4714
2819 1265
8446 2607
8989 115
3537 3358
335 2864
7503 1854
2463 8921
3360 4471
9715 3677
504 3171
5607 3759
3982 2984
5294 7262
1173 6373
7150 3764
7615 3785
5923 7250
6102 6580
8508 3705
1125 8762
7818 6951
4460 3253
1287 6863
802 438
4159 9019
4362 9086
6093 2699
3918 950
6330 7291
4525 9474
5747 7077
7597 2363
2434 6014
3335 8923
8390 5141
8797 5453
8999 2021
2537 51
9397 3174
3201 6982
9306 1789
2990 6591
6756 2319
676 4156
5952 965
6051 7824
1007 3113
5568 4980
7969 3457
7288 4925
9848 858
269 960
7172 7590
935 9585
1617 4742
4462 9941
8672 9200
2988 3695
9409 150
5596 6597
3044 3207
6718 1967
9284 7931
2374 4215
3253 7765
16 6669
7727 5405
1814 1534
1121 9132
1370 4391
1456 3909
936 1237
1567 7142
8284 4871
2074 6919
3874 4257
5202 1278
9434 4012
664 3646
7228 5732
1733 1439
5695 2441
7237 7417
7478 6219
3462 1431
6424 4868
7969 797
6540 8662
5036 4468
5791 5608
3180 1092
9995 9994
2634 5065
4418 7942
4976 7492
1946 2499
3143 2382
850 6001
5402 3203
3810 8511
3815 1193
2461 7274
2005 3073
6336 9088
9261 8434
871 8745
1038 4718
8239 4289
6183 8802
3978 1829
9646 8022
4193 6740
2998 8500
5710 9382
8700 6709
7629 9388
5909 7023
5769 3216
8299 5306
1599 9097
893 4201
8423 147
6915 4708
587 6018
575 4965
924 9799
9903 923
4765 2924
4624 8627
8615 5829
5897 5466
5152 8626
1268 4336
7045 8494
5066 6843
7011 7629
5104 7393
1881 8032
6619 4426
517 4323
6861 7400
7169 8577
1104 1545
6204 7373
5837 7033
3431 8159
9303 2914
1878 5214
8711 4383
6063 6581
2973 6254
6485 2348
7092 4918
8064 5988
8691 1114
1505 1746
1688 7247
1525 7774
9220 4610
9061 2813
8204 7032
1337 4854
5671 3100
8649 1268
8828 7454
7875 4484
7363 8521
7224 5530
6600 6338
7919 777
3513 6253
1518 2603
4691 6864
2599 8614
5979 9013
51 317
409 8117
1091 4472
8978 7588
9692 6242
3463 8596
2029 2145
5071 9328
1177 5534
5575 7321
5434 9695
8910 6699
2025 5539
7220 4772
7863 424
6056 9530
6266 2009
2551 4612
3844 8261
60 326
4731 1694
655 3638
694 6671
9072 6619
3314 6135
5744 9996
9189 1120
2992 5984
8764 2033
4493 2818
8486 6727
8714 3949
1631 3200
5785 7038
3353 7221
6834 2878
3008 5583
4716 3961
3288 8316
238 2796
8051 1932
3213 4215
4239 7522
8316 958
2101 5664
9533 3474
210 3999
4754 3439
2122 5276
1963 4638
1743 9508
6809 8953
9406 3356
3078 4768
1015 4779
6772 1651
3115 9942
774 3183
7486 9958
3322 1479
3300 462
7687 3901
4692 772
3066 5952
4358 5975
4671 3012
5669 7254
6474 8532
179 7084
9066 3111
527 6526
6291 6403
4264 7981
8994 7088
8054 2794
65 3323
1396 670
7925 4991
7371 7798
8079 5595
1247 4834
7570 4158
5754 8926
2676 4254
9529 116
1614 1179
9178 6309
6087 7643
987 5827
1520 4614
9692 9496
1837 1281
136 9449
2286 7189
1934 7188
3448 4716
4228 8679
7326 4726
7272 5642
3875 2478
4784 1437
499 9156
9430 5379
5077 5111
6670 4583
7033 4024
2117 5282
7781 6494
8097 9529
2024 8499
6261 3560
8950 7608
6814 1113
5363 9128
8356 7599
9751 9102
7605 7198
9936 2462
407 8222
4788 8554
1969 1481
9200 3539
6532 1634
538 7466
5926 6865
9817 3498
2580 9899
6896 5139
1497 3130
7799 5739
6261 6995
7842 3076
9489 9103
3187 4110
990 5797
7856 7774
4358 7323
3808 1098
6471 434
1585 9429
6692 5844
9225 2453
2800 7682
382 765
5940 9606
5760 357
6024 9764
3095 5692
3593 8264
8164 7806
9018 2354
2117 2715
6911 3126
4965 647
8125 7648
8908 3501
6976 2118
8025 731
1332 4025
7583 5074
9618 1063
8174 5822
2682 9509
9793 7233
2610 6832
7364 7247
7098 9233
8781 298
7451 9965
1419 524
7297 4464
4503 4857
4844 6382
2228 362
6254 763
829 3239
4543 4720
2816 3397
1834 7636
1712 5122
4168 2390
4988 6926
3936 4408
6763 5831
6803 191
4325 3212
5190 4119
7972 6776
9439 878
8300 2995
6022 7905
8562 5543
4108 6135
5561 5920
5361 8015
7026 7153
2870 3179
9503 3585
6418 3368
5346 6004
2184 6383
4862 2396
3721 9647
6240 3099
6159 2108
9956 949
9758 4976
6194 7716
1998 9823
4834 3107
8511 6344
2533 9528
994 4584
3627 3130
4170 2873
2513 5714
4345 5150
1442 84
3782 1738
792 1612
4219 9976
7995 8167
2303 4139
7817 8345
3406 5824
21 3194
29 3215
6561 8279
6314 3443
182 5091
5680 6589
179 6788
6034 2755
5826 7481
4813 9523
8977 2839
1982 2904
9382 6880
7638 2255
3870 6109
2413 5666
4950 2853
5753 1131
8198 4265
6435 8469
9318 7508
1588 1486
944 9044
5255 608
5309 3239
387 2227
1864 5563
6520 3799
4306 1573
1363 989
1605 374
3957 3994
454 5183
129 9131
7761 4325
6250 3024
4470 3559
3963 4987
4647 3557
9247 6986
4474 7950
1341 1578
7711 2372
1752 4530
8743 8377
4656 6234
869 4784
4133 5585
1303 5035
652 311
4432 3888
3548 4945
7149 2619
8648 350
3703 95
6904 1398
9626 8084
5445 8899
8764 2707
9021 1212
8105 4635
3181 5614
7830 1861
1201 3487
7146 8888
7080 3285
6963 7040
9975 6110
9965 1951
2579 6216
7589 9369
678 2044
1432 6172
7637 2416
662 4589
1180 8703
5366 3637
5151 9930
203 5809
3442 3369
1777 6478
3785 3644
1296 3609
4006 9786
2309 5898
294 9942
6073 6941
3193 1924
1083 1142
6715 7404
2746 2731
7105 1164
7274 7131
8284 469
106 7129
45 89
8410 5613
4237 3859
4299 491
4870 8115
2557 4414
9515 6852
631 5192
2556 2278
3299 585
4579 7625
9269 2625
4941 8126
9863 7901
2410 7280
3173 7556
2347 8190
429 5598
2815 3938
3307 2210
8822 4381
5597 554
678 8874
8330 7283
4078 8573
7221 8683
4681 9052
2083 4867
6063 9246
2185 4790
7709 2244
4542 5099
2273 9898
7515 6781
61 596
800 3340
916 5954
7885 2087
8548 3547
9367 8553
2464 3047
5063 4350
4365 1796
7103 4547
3473 2446
7884 2524
799 4764
6930 4405
108 7248
2540 3024
8132 8591
5044 4807
9650 9430
8980 3551
8176 2904
6449 6253
3008 9444
640 7877
5098 3632
52 222
8125 8223
6805 7774
4405 6138
4717 8647
9839 1136
4924 8941
6175 7771
3556 2636
4663 6887
2768 3343
4699 4095
729 3046
8289 8243
237 4497
4034 712
5296 3947
9238 3682
5911 1709
849 3412
215 6227
4851 1575
4475 7772
2228 3722
442 7669
1285 6699
4464 1772
9122 9775
762 2313
5248 6369
5614 3451
1614 8023
2969 304
5335 9697
1235 6742
6494 2599
9183 2653
1116 543
9054 8540
4900 1961
8990 4159
6571 4298
3507 4046
3075 2870
8023 4296
7147 7537
4107 1188
3342 2906
6250 831
7624 4981
2015 6655
4631 8446
6170 177
2618 121
2326 8890
896 5907
4327 327
8907 503
5009 3719
6775 2344
7715 9920
5682 3821
5924 4001
9863 3268
3537 2833
9624 1531
9299 3578
6747 4687
6906 9542
4793 5131
1122 3988
3167 2462
5980 8420
8133 9261
5863 867
6290 6459
5570 6919
1822 4767
4867 4014
2556 1849
1164 7805
351 3782
4163 7375
8661 3086
8339 3841
8533 7267
1300 8174
807 5220
8540 6641
4201 8229
9913 3256
5931 1392
9999 267
5989 6804
3033 4887
7314 7080
7241 5992
9355 3574
6294 6897
558 3546
2599 7441
2306 9955
6255 2196
8670 7091
4797 7815
2407 7884
788 5324
3866 8425
1748 6387
7654 9014
4530 4377
5085 3426
7462 8934
346 3915
7985 1977
9962 2086
7747 1114
3647 7739
6326 2498
9224 8325
3653 711
2525 8466
4812 891
3558 8840
3837 9664
2058 6472
2802 6171
7162 7212
8041 968
3747 1681
1112 9739
2528 2615
3336 5446
4755 589
4082 3645
5190 834
3473 4484
9791 587
5579 9585
1789 8138
9108 1487
5258 5263
5103 4330
1174 3294
4786 7752
2899 5219
9458 1379
3673 2592
109 5050
8728 6155
7153 4941
5970 2854
7398 4573
805 4277
7799 1930
8628 9673
5647 921
2746 3486
3240 4435
5633 8035
7259 1729
1644 2460
5088 1566
2774 8477
7957 2029
103 3217
7046 2479
2906 2741
6155 832
4923 6001
803 5520
1461 3503
3457 4136
1227 7314
3156 7267
2777 5483
5812 2196
2697 6123
5462 3513
9911 420
7240 1759
6229 507
4160 6017
8882 9136
1584 5114
7402 2686
2924 3319
7961 5782
3464 5831
1504 7838
969 6821
7815 9494
3541 5108
1642 1964
2317 6852
792 2334
3510 9355
3841 3506
9540 6382
8640 772
2174 9019
7789 4109
2529 5107
9577 254
3471 9924
864 3626
679 9428
2424 3107
3540 8033
7213 9263
1075 2628
7862 6278
4855 2073
6899 337
501 1735
2885 9943
7444 7186
2682 3055
3853 5482
2962 2717
6772 6676
5045 235
5513 7870
9356 5321
1586 9444
8860 2693
6764 5806
1503 6570
6951 6253
9589 2807
4097 5072
3029 2850
887 9511
137 1640
7696 3029
651 6319
932 8877
7537 3047
7136 4874
2373 2281
240 840
6427 3109
1575 2043
343 571
8158 1281
798 935
3826 9323
3336 7720
8359 4408
8544 4695
5165 901
4498 5699
2627 322
2079 7851
7154 3350
7679 6482
7911 4894
4768 2767
9871 1614
5406 941
1239 9164
9737 3074
3343 104
5291 7763
9347 5017
7896 8143
7230 1886
1479 6606
8564 7978
1350 8020
6831 2717
880 5662
9031 3849
4431 1274
1800 5074
3668 3274
5491 9952
3291 5641
1530 5063
8292 3455
5819 9432
7961 9284
7513 1745
4205 7453
8306 8506
6010 8387
707 3103
9780 4486
7313 5445
7086 4736
4396 2549
6854 5231
7541 2766
787 5567
4091 4816
5460 8314
2181 2493
5323 6290
7276 392
8478 393
2304 5166
8107 2853
97 4001
1928 5429
2987 1124
8740 8525
2477 7614
9042 9679
374 3655
5407 4259
16 5441
4255 1867
1414 4877
755 1849
3766 9403
2478 4308
981 5355
5977 4131
1061 6501
566 4867
9079 627
848 1673
7988 6612
3019 9915
2173 6944
5770 9808
7645 4465
9267 5338
1788 5568
2180 5979
1297 6962
8108 12
5443 8868
4779 7760
4599 5012
2602 6745
3879 90
2773 8621
6585 5693
8299 7856
911 1911
3618 9037
8622 9888
7399 7107
6207 2226
1573 9591
2145 910
2587 834
216 4656
28 5721
6668 5722
9892 4282
617 9035
5880 9350
4520 735
6601 706
4978 4098
1761 9564
9700 1037
159 2049
6546 3955
2057 2795
4580 5093
5764 7484
8629 2988
3614 8366
1819 8662
1354 6045
2668 8021
2157 4561
7984 8968
6632 59
4777 1891
2138 4217
9656 3810
9999 1455
9842 5842
2504 545
1135 3197
9627 2091
5711 5517
727 3031
1505 7070
5709 3523
3869 3425
2197 8469
3510 4003
1226 6255
8201 5335
3312 4490
365 6535
4496 5572
2985 3482
7358 3104
5265 9517
2863 7760
7036 7992
5008 9536
354 7328
9424 8506
2483 6735
8674 1377
6314 9458
4034 137
1006 5017
5856 716
2575 8972
1363 1468
8613 4808
8703 4754
7124 4323
6070 908
6722 8227
5836 7907
2214 9392
4047 8725
1429 3633
6666 8721
3124 6943
6372 6384
4835 2902
3003 138
8228 7429
9219 9677
545 5326
9031 1414
8603 8636
3907 2692
2603 3567
6822 6556
1254 3686
4725 8820
3423 9716
9727 4309
3122 3375
5679 7783
4027 6353
306 4385
5485 1136
6787 1837
8385 5746
2903 1036
647 1624
8390 5149
477 5814
3764 3050
1701 9262
9074 5863
6769 7907
1313 100
7229 736
5229 2871
5821 5164
2308 9481
4509 4693
8544 2209
3105 2457
2314 3803
2191 3809
947 1725
8566 7038
6110 5662
8671 9175
773 8698
9864 1270
1782 1637
1083 243
7365 1381
2494 7216
7408 8378
2929 5250
6932 4512
38 6995
2840 6732
1804 2989
9241 7306
9406 2633
3559 2681
7222 2424
4690 1740
5851 6595
706 1972
9789 3283
8544 5332
541 1210
872 7972
2921 445
8103 3538
336 1344
3556 6558
5875 9644
3958 5647
3000 1349
4776 6542
5579 5607
2177 3261
5544 5629
3678 9308
9634 8097
6661 2139
4577 746
5840 4713
5152 3314
6453 2676
2765 2378
67 8085
3729 8391
8747 3537
9482 6622
8188 3903
2560 8458
7062 2056
9456 3939
4437 5170
3736 2242
4691 4631
4650 9014
6322 6758
5845 7392
8610 7393
2946 2713
9328 3228
8706 4397
1668 133
8937 2785
6627 1685
7060 5633
4658 1434
4461 8557
676 8628
385 6222
9867 4759
3731 2043
772 3844
287 8173
5774 2836
609 8082
4513 4064
7293 1046
3799 2401
6648 2699
9256 4922
4420 2618
7995 5647
291 7999
2113 3440
7797 6478
308 6022
5897 8899
3139 4004
1850 7186
2346 4933
1669 708
1660 8564
8204 5853
7725 539
2960 9945
8669 3815
7717 8970
1056 5227
5216 2662
6861 1228
5382 5242
6127 4695
3267 4871
7796 3216
1693 9929
2143 7165
555 8671
5849 8405
2975 9548
1774 4266
7601 6424
7718 84
6785 2659
9584 7128
8204 6641
2432 1953
2828 4265
4771 1989
7054 2031
8025 9743
6811 7997
3141 878
7023 636
8934 9121
8183 338
7449 4406
1627 6864
9488 6138
8537 65
7884 5257
44 1921
4111 7196
4452 1578
9253 3826
7897 9467
2404 5278
79 7830
6266 6759
4332 6371
9382 6273
1096 7735
4805 9516
3876 1903
1991 7586
3157 2843
4160 2228
1677 8934
8799 424
4996 796
6223 1913
2089 2216
9395 8074
2599 3080
3846 4454
8729 5150
9436 8226
6295 634
5355 3447
6536 2075
7668 7118
8049 320
8360 2573
8485 2307
549 4498
8465 1513
4671 6682
8217 1718
461 3748
4125 3633
9538 8982
1550 3434
9867 2408
8553 4990
8219 9919
8944 8261
2260 372
1575 8870
3229 4602
509 6110
1950 2866
1019 4465
4715 404
8093 5989
1755 4289
8811 8354
8585 6614
3713 2001
6058 5100
2226 3070
9624 1768
5957 4574
7200 2861
8081 8168
8002 5381
5230 8294
7085 2842
7366 1626
3070 4794
9849 5857
8056 3818
9496 1293
5258 793
6911 7150
7437 5568
4402 4824
8062 5078
4896 3785
3117 8903
1792 4106
7935 4818
3246 5604
571 2767
9355 6511
135 4169
5136 3049
3677 5710
1023 4703
9739 2923
4513 4212
2866 7722
3518 3080
6565 8432
2909 7001
6126 9857
5178 9048
73 2544
6727 8419
1057 4941
8428 5554
6927 3804
7137 8646
891 3973
75 9992
4918 1652
93 6062
9753 639
4642 457
9007 5170
2974 8463
6944 2945
6362 1576
4321 9722
5970 4848
1844 475
2098 1040
6875 7260
8930 8309
7082 1751
7965 5399
7789 5088
2994 7887
2207 9246
9805 8611
1499 5390
7479 7077
6809 5610
2182 2976
2792 5704
7691 2311
4582 5657
2089 9331
7675 5177
4780 8108
9948 2412
7320 5550
6871 2056
576 2764
10 2800
302 8151
8150 3883
6597 787
1198 4752
9255 7139
8015 5056
3021 2366
9342 8560
851 6921
5648 1221
6534 7376
2919 9648
7335 9413
1269 436
4724 8813
6052 1200
2644 2713
6880 5056
7037 2106
3438 1296
7070 5297
4655 6094
9930 3308
170 1299
2519 4705
4505 9334
8956 278
483 3056
569 9344
5917 603
1994 3266
4168 4698
1552 9575
3073 8723
5668 2848
256 7156
7454 5605
3333 8523
2642 6946
622 7374
7645 7845
5549 1984
313 8920
3132 149
4741 9740
2518 743
7529 3184
9767 9144
1697 2926
3828 3500
1764 6110
827 8091
2511 8861
3293 3173
2941 1936
7454 7875
5678 3408
1875 4591
5423 9162
9224 7508
3383 9558
8949 4421
7356 8774
7216 59
7447 1553
683 6140
6525 1691
5342 8324
1001 259
8195 4891
9318 323
8082 5387
8652 8183
1929 3918
3386 3238
2023 9847
2342 9089
1333 6104
7615 5312
6589 3922
9567 8921
9648 4720
5457 510
477 924
9626 7059
4029 9941
3310 6282
4105 8988
9045 4487
7508 2057
2125 4959
6770 2490
8057 6504
8997 963
5921 191
5742 5215
9324 3494
6332 2065
454 9812
8473 6436
2176 2382
8823 8579
8035 437
7480 3659
9642 4762
581 1916
9541 5442
7661 8490
1514 8612
2793 2090
9963 8950
2191 8973
4802 8096
1563 5239
4345 1732
6357 9344
9097 5710
6948 4869
9777 3816
5262 7919
1925 7613
3226 6516
7456 2812
7953 6213
8902 4180
8742 908
2709 5077
1683 3545
2362 7928
562 1794
6126 6196
7217 2813
7099 8783
8657 4166
4060 7084
7227 7615
9905 2356
5709 1212
9444 9909
6921 5537
6681 2302
9698 2258
5202 3552
3364 621
4615 1948
5312 6073
1353 3438
28 8448
3490 6510
4978 8755
1016 3331
1980 8751
952 4134
7681 4051
5113 9123
9152 7329
7126 2393
8687 464
5182 432
5614 267
3165 8657
5268 5840
994 3159
7236 230
2882 6319
7486 412
5126 2682
2471 7076
5213 590
7973 6398
3118 8125
3735 464
1171 5358
4362 231
3150 5717
6530 9064
9020 8504
7574 8242
2814 5753
120 3862
7709 5312
7778 5055
3585 8895
8689 9802
1445 7062
5760 3877
4942 7591
8948 5934
179 848
2013 2485
126 2584
5895 4309
6798 9641
1405 8440
4609 3708
6823 2586
9416 2490
4721 4799
9912 2521
5757 8581
4481 5242
3642 7907
8035 1357
2587 5327
7085 2274
6853 7569
275 8965
3435 8125
2857 1025
8749 2418
845 3113
1486 4936
660 4074
5110 6268
9387 5447
2060 5577
367 8021
8915 8386
2845 9262
9266 4577
1533 6237
4359 2330
1492 7569
8298 2434
7228 6224
7206 1726
5765 9196
5055 7249
4337 5085
5240 3747
745 1662
32 2168
183 1072
4335 5227
2907 6833
5446 2985
430 4766
2202 1111
7690 7978
6497 8877
3539 5343
7093 9500
9669 6473
2542 6326
1245 5628
373 470
638 8729
8329 4385
9129 791
5787 7757
5473 7222
2756 6542
3944 1611
6164 1549
6336 2350
8162 721
2268 3136
7753 3209
5732 6598
6520 8136
660 8468
3076 3819
639 8276
9466 2953
7844 3437
9308 8300
4547 5347
1573 3046
932 1573
2126 4231
4891 8703
4786 5889
7191 4220
2686 8841
1609 3845
6679 4285
4664 2479
4720 8226
2250 8535
6601 6540
5254 4025
4442 2122
3547 1900
2495 3573
1311 7325
1091 3462
3904 2139
897 9671
4885 1326
9394 4255
7062 613
6112 67
9692 3199
3289 822
9744 261
8232 7810
8639 9875
3052 686
1412 237
7534 7593
8158 2464
9472 2051
651 9122
8023 7866
1447 9427
8090 8286
8213 8886
9532 8860
8589 5078
6852 2850
1917 1484
7248 3646
7008 8676
4070 3899
8761 1622
1884 9330
5579 8924
7574 3973
1607 3972
2232 6145
7935 1408
9844 9542
2146 7081
9323 5849
9880 1177
9882 9422
6770 6930
5567 5515
5931 1765
9613 5636
438 3919
8337 2534
6270 6412
6355 8350
5682 5131
5310 5171
6179 4256
8467 2208
9302 6649
1024 9187
3912 9591
4101 5792
5879 7386
2109 8086
7236 9077
8896 6317
2153 2865
7672 8639
6672 3106
9137 2884
9114 634
2284 6253
605 4221
6794 6721
327 9999
8935 838
1779 2664
2024 1701
2638 1692
3822 2245
9294 8208
4202 1567
4599 5105
4028 5552
6192 725
5261 3419
3262 2542
523 3587
8881 5703
9843 4155
658 9805
7876 3835
4326 5227
4505 6705
4634 6669
1440 7620
4619 2914
399 3919
7338 7395
7395 2512
9373 6915
1825 8083
121 2609
243 1766
2748 9126
5157 9006
9801 3817
5345 755
2312 2582
2396 9254
163 744
7806 6090
8832 1861
5263 4867
4460 8018
7228 1850
1481 8184
433 8320
8200 1279
7571 1225
7399 7383
2302 9957
7920 2742
8712 8836
5932 2533
3145 489
4355 730
3346 259
8147 7069
5432 6647
522 7287
2699 1618
7413 8083
7969 4715
6140 3376
8807 8536
9140 9931
695 5937
8781 9862
2518 8554
7341 3435
9347 9267
9967 2777
1249 8801
8316 9209
470 8648
5127 1580
2898 8513
5222 6511
5355 2851
1394 7363
8310 7135
7164 6175
5309 5143
1145 5134
6825 1991
4903 6509
8141 3224
2866 8797
5922 4553
6730 9504
3537 7236
1229 3898
8163 2932
1880 3327
5826 2434
2951 3742
6811 8462
2542 6413
1561 2406
7049 8865
6609 3195
711 232
3306 50
9481 7662
5907 232
3681 5954
8569 591
5025 6303
9059 6536
4092 5647
5368 7187
9331 4953
9646 3699
9028 2204
8937 7574
6729 3546
6854 495
3692 8983
1389 3219
6341 6750
6398 2464
8839 8548
5946 1903
1365 9954
9950 7114
4258 7320
790 1899
6706 2464
4092 8682
4449 5785
4771 1179
7409 358
9446 9794
2729 6324
5362 1434
6062 3723
7653 6133
2149 3561
4203 2309
3348 9617
3965 5363
4955 617
4430 7586
9618 3954
2400 5273
7414 8769
6518 4468
8277 279
5511 5187
9141 9134
6314 6824
5819 9176
9560 1488
8115 241
6731 8462
4383 767
9506 7270
2310 5672
6454 6328
7908 9536
2985 3370
6703 121
8986 8781
7529 8119
3722 7810
5928 9192
3852 7375
5234 1771
6373 8202
4342 4290
9904 346
2143 7392
8716 698
4127 5924
9140 8354
7471 1837
3991 5584
7985 4792
8841 3139
2111 2796
6374 4444
7149 4500
7186 7128
1381 7687
2811 5605
3998 5344
5514 9555
9687 3976
9562 6936
9910 8580
9677 9357
1999 8789
7833 5138
4494 1663
5557 9835
6261 3075
9842 8845
7873 6173
1818 6982
4864 8138
8850 450
9582 2327
2548 5561
6489 6350
2470 8023
1225 4906
1091 3952
5851 812
5214 5921
1969 9991
9709 997
833 8988
725 6878
3825 654
891 3754
1542 1541
2973 1821
1268 2029
8141 5957
3997 655
9456 9985
4947 8109
196 9007
1702 7795
2303 5130
4166 2759
5630 3585
6334 8733
4477 6054
1310 8154
8676 7702
888 7408
9438 1737
4696 274
3349 9222
3866 2718
3915 8694
7562 6780
1096 4511
3449 4098
7483 7184
1387 3325
5248 6217
1536 6339
846 7730
9083 2129
6409 781
2839 2175
19 5950
9659 4648
4659 9092
1366 5250
7581 3188
542 7283
2285 8837
1988 9468
5700 7074
5936 9445
9068 5377
7625 537
4895 4963
2522 294
417 7496
3444 2275
7422 9664
4895 8263
6738 2205
8673 197
1006 2923
9056 4271
9070 7055
8204 8232
4887 8533
2623 9670
67 2539
2744 7179
232 2767
5895 4020
117 3655
1394 6158
3935 1367
4499 6526
8401 678
3850 6877
8891 8371
8920 8112
2665 3287
5033 9136
6630 5839
8214 4762
5203 8425
8777 3992
5792 8224
9946 179
7063 2688
8359 6764
2464 7361
7858 2341
3092 2097
7386 7423
2392 2961
4449 1801
7878 7176
2864 672
2347 1855
3946 4369
5553 764
9993 72
4053 4356
8836 6290
2499 6007
6507 9765
2231 9735
2470 2487
9076 2377
1129 1422
2503 1674
5704 9772
4653 8229
4009 337
9263 6731
6319 1336
328 4445
9397 285
7470 2294
6377 9243
9784 4732
5588 9301
9656 431
8828 8708
4076 8909
2188 8866
5868 9112
8735 1760
1299 3142
4003 4099
8849 446
3709 1182
1316 2720
9900 6982
4649 1303
3581 5052
3845 3448
1188 6554
4324 8650
9911 1344
4614 2579
2818 2392
7515 8546
7072 8267
1505 672
1738 3560
3192 7035
6802 2660
6323 6736
9844 3120
1023 3305
5642 872
3678 3872
8665 3353
4028 8259
4499 7722
2900 9396
3226 2997
6951 9542
4182 9046
124 174
1915 3234
3763 6278
2188 6052
1191 4416
4354 4312
9468 637
8750 1486
1514 3317
482 7916
4421 7413
803 7386
12 3167
4626 7493
1769 449
1619 195
2952 2859
4705 9630
2457 1015
6848 3860
367 9465
6552 6635
4687 994
6809 58
743 419
3147 4479
9881 8984
242 1050
4893 2219
9338 9212
1191 4577
9390 4404
2367 6317
7396 6276
3384 4548
2555 372
7354 5877
7213 9718
6896 1070
9886 3884
683 8296
521 8522
8371 7416
4954 1089
6976 8196
6875 9009
1504 7383
6971 6727
212 9435
1950 3310
7207 1542
1821 4158
2728 9987
1201 8841
1512 6916
23 9567
3061 516
3515 9142
9335 1373
5195 2304
6093 158
2240 2185
9085 9416
3836 261
8993 183
4806 7939
8177 8443
2802 9126
2005 8308
824 9233
4101 5285
6581 504
2543 1726
7157 6515
8837 3333
5329 8746
4419 8828
9075 7610
2606 5473
5596 8120
2859 8444
6886 7434
4032 5258
6761 6844
6668 1231
5553 4876
3899 1683
4783 9788
4370 3722
1028 5605
9770 8773
8369 5468
1023 6933
2556 5964
4824 5981
1488 4357
5932 6269
9150 4336
4132 7199
9321 3138
5160 7584
6995 5712
1026 1591
7977 4503
8616 1297
40 9606
8054 8932
7705 8097
3917 3221
6776 8561
8852 4444
6620 3573
2229 8936
255 3679
7407 9270
2196 156
7701 7520
6542 5743
2812 4364
7426 9668
2941 9864
9879 9941
9166 5426
4638 4814
2167 6962
8404 4486
9085 6426
6980 4083
5935 3639
7841 2642
2076 3775
1473 2454
6272 2144
2857 8789
4527 8261
9628 3986
4511 2636
5085 8366
8881 3561
3884 8455
1255 899
7722 737
3716 7051
2588 9403
5129 3554
8382 5768
2551 8011
1996 4811
1501 3935
7331 4472
2032 2419
5484 1206
8312 86
606 3643
2945 5323
4228 8646
575 6021
6605 5643
9979 4460
48 7386
5201 1412
8155 2078
7449 83
7895 3534
6597 3895
1746 2079
7182 4536
7400 6277
3494 5851
9404 2047
7938 5190
9973 5518
7464 9430
4428 6880
42 7013
9984 9651
8442 3488
3223 125
788 777
7414 9250
9674 7343
5195 9904
9587 6042
1936 5730
6715 4132
3257 5478
9626 6051
1943 9746
3248 233
7913 2616
5373 7634
7225 2073
9664 6408
237 309
251 2140
5828 5496
1944 1778
6307 3755
1568 7760
7185 3947
5197 9349
2353 8992
5840 3440
8808 2211
6166 7594
5126 9786
2215 9496
477 908
9389 3495
1824 6033
8091 867
5774 3720
5387 7727
4554 8496
5642 1442
583 9279
3384 4649
7436 4089
5795 1604
5460 7699
154 2208
5916 8877
9712 4869
4430 9154
9458 578
8836 9411
2768 1035
9288 6265
6836 9762
791 7951
9185 9644
5337 1344
6361 6003
6734 4840
5105 190
8531 2098
924 4227
8283 3210
952 7890
1748 3318
1891 4825
5792 4207
9711 7627
4245 3791
951 3149
3751 291
3130 641
5270 6580
3596 1373
758 2181
922 4761
5297 2610
5273 9925
2277 3903
4311 1444
5375 1901
378 6079
1621 1030
3516 8266
9270 7850
4576 4243
8773 8640
2328 9331
7673 5563
2293 3555
4776 268
3048 4024
561 133
3612 6936
3863 1898
7780 1048
4473 3047
4489 8408
9335 2145
4169 5355
424 1239
2518 5709
2902 1131
9016 7074
3406 4713
59 254
8244 7732
4424 1152
6365 9285
2908 6186
5006 4664
6827 7579
7681 309
418 8826
8099 9218
6438 8212
8018 601
2213 821
1382 3956
2903 2208
2205 4804
3165 4817
9860 8556
2306 6448
6347 4095
784 6729
8590 4059
4868 6682
8309 4880
1307 3106
3729 5827
9375 5469
2768 4470
757 7531
121 9280
4075 9061
6025 178
6123 9930
121 2397
9833 7849
1107 2850
945 9825
1687 1321
4139 7035
6872 5327
4828 8316
9146 327
7319 1078
4029 3113
7534 1765
9417 8609
6443 63
3178 1050
1729 391
869 9131
9033 9631
1208 6391
1502 8542
5508 693
2641 9506
6557 8950
4870 1938
5648 7984
5881 3516
213 5290
9419 6628
9368 8121
6506 434
6173 8120
6321 2781
6447 1816
2527 7859
8874 4828
9432 157
4962 8811
5331 8721
8003 5237
8827 4219
9505 5810
9202 8164
8770 1017
7464 9569
9716 6680
2048 5759
1757 5996
6949 5635
2308 4006
8225 1102
319 6639
37 5875
9449 5777
3137 6353
1781 304
1461 4759
7157 2834
5497 5984
7754 955
9479 6590
8837 6073
8048 6276
749 4756
6382 5727
8213 9871
4897 8197
1985 4931
8675 7397
7647 3907
7057 5762
8407 4137
9211 3466
2388 7769
8153 6377
8324 1030
4714 6348
493 2111
9838 1099
1906 6334
8502 6611
498 6812
3051 2491
7880 2371
6392 4346
8334 5874
9911 4858
4380 8978
8608 4719
5219 6155
9623 5524
2742 2481
918 276
8880 1024
7643 5726
5911 1837
6814 9906
8917 2084
8515 9925
4888 4552
6864 5982
1589 1347
572 9847
3185 107
686 4723
2709 9772
7884 5593
3460 3253
2789 8689
4426 882
1782 7529
233 6046
4032 128
3708 4186
1119 3337
5998 4595
8197 7401
5124 9005
8850 9255
8221 9992
4079 3856
746 7650
7527 2165
1843 6123
7207 2746
6850 1111
516 263
7273 587
4306 6664
3874 656
7944 364
4245 383
7223 6625
3265 726
7666 3845
193 5093
3607 7472
4691 7538
9487 8069
7719 6684
3694 6678
1798 7558
6026 2268
8047 5802
3859 833
543 291
6503 7240
6260 1799
1800 81
4979 3973
4237 8019
