25000 300
14946 439
12259 21757
226 3953
12387 13413
14437 23030
20393 11388
18165 24883
7806 1073
12751 17682
24885 13136
17729 15011
12971 14974
12861 8422
10472 5135
23560 19469
6216 8141
8473 4453
8404 11345
14608 5341
22538 2630
10923 20118
3169 8385
24104 23500
21959 166
13906 6175
17912 238
10263 11948
2607 487
14426 8871
14455 1316
15207 20320
21140 7693
5792 1245
20354 10029
16010 7548
14817 14096
16041 17466
755 9443
7260 21339
9677 18004
16048 1501
13737 4547
11000 18589
1410 11435
6968 404
770 869
10767 72
3507 630
17803 20658
18297 11525
13477 24216
12583 19058
14286 8540
22337 10314
1832 14828
1552 23834
4173 19227
2013 10983
4235 968
23533 10125
20383 12057
1474 9763
5893 14451
23771 20561
1428 11263
18850 16734
10330 4461
14199 14366
21063 11593
1052 15158
1694 15139
7040 3194
469 23585
10969 13010
23472 13429
4828 22080
10621 2162
20335 5368
12638 13915
2224 8705
4851 2055
1930 5629
14947 14769
7359 12516
19706 10983
10298 22330
4543 542
20692 7485
13284 3893
11772 4401
13296 15991
9562 9009
7795 3514
23405 13362
20116 8830
7002 3592
176 17523
6930 24357
20094 7406
10149 17872
11790 11126
18033 3532
4423 9890
19023 22408
23745 2943
17618 10920
785 21334
24042 976
7384 18130
17971 11853
22310 18932
1022 11900
20023 7918
16312 727
15683 7997
7040 19067
3514 23605
12138 2920
15000 10130
5732 4408
6072 22243
23928 24840
7927 18228
858 20629
10241 2504
23899 7423
17457 24375
9200 2841
1864 17604
9345 13280
15466 3088
3992 19663
20404 23950
2709 17979
13943 10786
12152 14634
10396 10741
15248 16823
16846 818
9446 16592
14818 24244
7570 12766
23506 14762
7738 4280
3430 21311
18290 17608
3616 15178
6358 3152
24410 15258
16276 1317
1226 1843
19744 148
18555 11315
19239 4539
386 4006
3714 18232
4345 5133
12148 18627
17121 22038
8293 3399
20666 1251
13051 17658
21635 7327
15760 15520
8739 11031
1668 7343
18160 23635
21719 10915
1659 19047
13106 23423
24873 1069
1973 4405
24139 1195
10828 18519
813 9660
9412 3760
24084 3004
13360 20102
2436 11164
4541 17024
15868 15443
17723 11092
19372 15505
19891 10425
14435 7567
5614 15489
20950 9395
4000 3411
14976 11154
22101 14561
22942 22888
4117 14662
3807 23809
2648 9283
24488 21512
16392 9438
3289 21727
15951 23230
20812 13932
4710 17473
2900 9683
9075 2236
21869 8154
13498 19808
7074 20904
3482 3380
15179 16968
23175 11251
20783 12950
15302 20345
17718 10963
11547 18257
16820 20548
3902 18614
7419 3154
17036 1850
17758 12565
16208 8035
16210 15863
10544 15880
18975 19333
22376 14725
9187 23777
2228 3925
24372 10912
22394 3258
12712 12191
10703 8294
13521 22696
6547 19797
15442 21219
23608 12158
493 3882
7420 414
23961 9259
19147 3462
16051 18083
8966 23056
23533 16097
9628 1218
434 1532
8389 2341
22127 10776
18220 7863
14658 16455
18038 9567
11559 16726
11210 5911
12717 16233
13362 15328
24031 5698
2132 13848
21118 5404
7915 1695
15214 12922
13273 892
14407 21300
14646 24210
3151 10949
10092 1153
9414 6831
16183 17038
4381 6286
2477 16980
18189 1625
14625 11220
15111 3616
20862 776
15886 21028
22856 2202
8156 23621
14337 17827
9488 17247
22654 23512
15318 1722
1943 558
19307 17850
546 17593
15462 9104
18215 6361
6610 8646
7759 5301
15215 1650
9935 20220
24616 12759
148 22910
15814 4076
714 10762
6913 9544
22537 268
13688 5385
6801 14667
3217 24661
14360 10604
11281 1659
23419 10989
5327 9972
16919 8608
16717 9858
20125 12722
